Ticker,ACCORD.NS,ACMESOLAR.NS,ACUTAAS.NS,ADANIENSOL.NS,ADANIENT.NS,ADANIGREEN.NS,ADANIPOWER.NS,AEROFLEX.NS,AIAENG.NS,ALKALI.NS,ANLON.NS,ANTELOPUS.NS,APOLLO.NS,ARROWGREEN.NS,ARVIND.NS,ASHAPURMIN.NS,ASTRAMICRO.NS,ATGL.NS,AVALON.NS,BAFNAPH.NS,BAJAJCON.NS,BALAMINES.NS,BANKA.NS,BBOX.NS,BIRLACABLE.NS,BLISSGVS.NS,BLSE.NS,BLUSPRING.NS,BOROSCI.NS,CEMPRO.NS,CENTUM.NS,CHENNPETRO.NS,COFFEEDAY.NS,COFORGE.NS,CUPID.NS,CYIENTDLM.NS,DEEM.NS,DEEPAKFERT.NS,DEEPINDS.NS,ELECTHERM.NS,EMMVEE.NS,EXICOM.NS,FCL.NS,FSL.NS,GAYAPROJ.NS,GIPCL.NS,GLAND.NS,GLOTTIS.NS,GOCLCORP.NS,GPTHEALTH.NS,GRANULES.NS,GRWRHITECH.NS,GUFICBIO.NS,GULFPETRO.NS,HARDWYN.NS,HESTERBIO.NS,HFCL.NS,HIRECT.NS,HITECHCORP.NS,HOACFOODS.NS,IBULLSLTD.NS,INDOBORAX.NS,INSPIRISYS.NS,IOLCP.NS,JAYAGROGN.NS,JINDALSAW.NS,KERNEX.NS,KIRLOSENG.NS,KOPRAN.NS,KSHITIJPOL.NS,LAURUSLABS.NS,LLOYDSME.NS,MAHASTEEL.NS,MAHESHWARI.NS,MARINE.NS,MARKSANS.NS,MITCON.NS,MODINATUR.NS,MSPL.NS,MUFIN.NS,MWL.NS,NETWEB.NS,NIBE.NS,NINSYS.NS,NITCO.NS,NRL.NS,NSLNISP.NS,OFSS.NS,OMAXAUTO.NS,ONELIFECAP.NS,ORCHPHARMA.NS,PALREDTEC.NS,PANACEABIO.NS,PGHL.NS,POWERINDIA.NS,PRECOT.NS,PRECWIRE.NS,PREMIERENE.NS,RATEGAIN.NS,RAYMOND.NS,REFEX.NS,ROSSTECH.NS,RPEL.NS,RUBICON.NS,RUBYMILLS.NS,S&SPOWER.NS,SAKAR.NS,SANDHAR.NS,SANGHVIMOV.NS,SANGINITA.NS,SANSTAR.NS,SASKEN.NS,SBCL.NS,SETCO.NS,SFL.NS,SHAILY.NS,SIGMAADV.NS,SIS.NS,SKIPPER.NS,SKMEGGPROD.NS,SKYGOLD.NS,SOLARINDS.NS,SOMANYCERA.NS,SOUTHWEST.NS,SPORTKING.NS,STALLION.NS,STEELXIND.NS,STLTECH.NS,STYLAMIND.NS,SUDEEPPHRM.NS,SUVEN.NS,SYRMA.NS,TATATECH.NS,TERASOFT.NS,THEMISMED.NS,THERMAX.NS,THYROCARE.NS,TRITURBINE.NS,UCL.NS,UFBL.NS,UTLSOLAR.NS,VARDHACRLC.NS,VENUSREM.NS,VIDYAWIRES.NS,VISHNU.NS,VIVIANA.NS,VMARCIND.NS,WHEELS.NS,WINSOME.NS,WOCKPHARMA.NS
ACCORD.NS,1.0,0.12429620984470104,-0.006889675177365877,0.12672993282947953,0.0672716187838597,0.07070579964266775,0.10741510012118066,0.0915352762306932,0.05215819728002968,0.06017210834096013,-0.003969000869522678,-0.14274076644330047,0.18262863470717694,0.022215890962641826,0.09213576735544157,0.027104630860500953,0.06143765337876685,0.04478199466929857,0.09082257398559586,0.025219303105274104,0.05658465250837477,0.05676235461308483,0.11006831323074988,0.07437788688916966,0.20789879679211548,-0.006599296618762318,-0.0016920423008413585,0.08314293546270334,-0.06545009070630202,-0.02935741680527077,-0.04085430648001084,-0.0825031078280144,-0.03981638695191984,-0.0259211403418852,0.04532428846397346,0.024123948284744474,0.022287189322523767,0.061502896253006235,-0.04063442251865113,0.07759564211480036,0.02959933429518734,0.12701178669768434,0.14618770132566727,-0.057086765633848666,-0.013509338999199556,0.04344807052576799,0.14529535017378595,0.24134452231371545,0.04233749792528503,-0.04620650022422032,-0.026012082539638024,-0.04124434162158127,0.13301087136131395,0.13063746070300028,0.12919110905124223,0.05148418015920557,0.025541811072256504,0.09544322637081022,0.03444490093122783,0.0075563023748011875,0.0710141935787888,0.092408592923721,0.10371908385765478,0.10990931546353082,0.057005485141725,0.10620292365967932,0.017724218409867792,-0.008815051925861078,0.12714100102468565,0.13192952335582195,-0.016214366992192655,0.05974990239131144,0.021804552559693234,0.04265861583955083,0.07401731992973246,-0.005523612619883633,0.042791723227953646,0.11848454773599289,0.04089187899921928,0.0184342992287396,0.019347295317893486,0.02798691536141359,0.12330304544982651,0.028882667009073767,-0.04894559200582888,0.08571711986535772,0.10289574824745286,0.08978703055713093,-0.05916106028783893,-0.04016326452072746,0.04921228293892004,0.17227240194583412,0.04762492568636389,0.024838959187819257,0.11482324486660711,-0.05304565381187445,0.11491182811207729,-0.01023057144713438,0.0448800074361893,0.06384614723077375,0.03623325226512673,0.0802054697643326,0.06456886750786367,0.18312850545439138,-0.07320476148123069,0.10511627332478155,0.07713913922468187,0.09990270299481424,0.1439138379753674,0.003568277096403859,-0.003226149465244518,0.009334591660251874,0.04885506744309406,-0.004415783299487515,0.016203309857278483,0.042341414197715345,-0.017047813799082646,0.10823277356676829,0.0949303538689609,0.026317432375393933,-0.004118507839153861,0.08841191467701971,0.13851386839331553,-0.05653857229845132,0.03322326874437725,0.0031102000664774434,0.07466494845038504,0.11456436480071241,0.03506678352569982,0.2827944674248847,0.13942381635218012,0.06777835329138339,0.013271816868016251,-0.003555880412131022,0.03571026713668622,0.0950235183210023,0.10599352808838518,0.07642418903910345,0.11433049675479615,0.05222734567160963,0.05020522288896411,0.03556355458683351,0.1922254452270128,0.2531379037097302,0.15672692849326544,-0.02439181459012605,0.03326204242951628,0.03830849870666161,0.05259458997509835,-0.01597380677548053
ACMESOLAR.NS,0.12429620984470104,1.0,0.07254012255382844,0.20587406858658164,0.21821957587722382,0.27705920629738057,0.24452108061571143,0.15206470287660323,0.1820448673483699,0.012204694898714973,0.05938359112522576,0.020036572529990658,0.2800942228149635,0.11514858011256651,0.13751132569623137,0.09959490857381771,0.13468462226292743,0.2818197182345687,0.1782328964114207,-0.09533054077481323,0.09028634012814284,0.1797909465465345,0.1656230818102053,0.04767215552612062,0.3020684372988396,0.0765009160654069,0.10250338466623257,0.05000041274823238,0.06090523391689186,0.11588742966172809,0.12464526274161375,0.08209017928133348,0.09429486799117258,0.11993100124479253,-0.0017859647239073264,0.21199239455120983,0.04514572173426088,0.12461084048122782,0.12542264882886117,0.12322568623185501,0.13817185017242023,0.21515448210794996,0.12539777898770352,0.10883871974176314,0.08454528637958215,0.24857073882617323,0.08660682053646439,0.12638879872167338,0.23762440086306927,0.1388859308909218,0.18355142914804465,0.1123136345100718,0.13027090368724795,0.2021270714797422,-0.06355111954827329,0.15442890533461356,0.30735235210437184,0.08922944981363233,0.07495388405696754,0.07723041116534198,0.1311468658750008,0.043889018344586146,0.07538253500542956,0.3307803590481999,0.09111348405331335,0.15612444675961215,0.1471451231005913,0.20940371240500008,0.18924925941935986,0.11918142746119205,0.11157987246245547,0.14910802203547274,0.05906220931925808,0.0715888255026901,0.21271526915894676,0.08189993369359994,0.20906594281592553,0.05298506850943247,0.2106731204016409,0.06830954174780672,0.11658045028588318,0.10679928231775698,0.1489936203122331,0.1227125318841208,0.26418811920133656,0.18030054811017507,0.16465075878174887,0.19041070786329456,0.04722049323951305,0.007966221162567757,0.07155339399585446,0.15669550541402844,0.17427827004951665,0.10646754256151143,0.044486985024409856,0.1945320370656147,0.04223837114027397,0.21695034490363452,0.2552613337460052,0.1618315657672647,0.1295084784808102,0.24578752832538067,0.1058138259265488,0.15231794862887768,0.10742600331700596,0.18590033486007165,0.013965410919032709,0.1604979500057351,0.24347709277247692,0.2563595174957562,0.09161932938926412,0.1274439243808883,-0.06976253016841699,0.04508598108618702,0.20277837562717338,0.13659814690013342,0.05730274986221394,0.12943667103698045,0.28580499677721044,0.16566076849047598,0.1321871477914085,0.1045342975898705,0.16091964155866303,0.043734280325740456,0.1217258885493719,0.16067355670134817,0.16715373887734572,0.18580287624079161,0.10086442193065416,0.1591592993719162,0.15829162141684636,0.2746086912637671,0.1645278024777274,0.1353950971955846,0.1512625686779313,0.09573414795290576,0.007121853749492106,0.11530580472317778,0.0306530371388459,0.051496821776490044,0.3427187333125034,0.05181472510072276,0.08143525252693097,0.09789022909379724,0.1067728740955567,0.1362306639144237,0.06129759368471167,0.04063748610652476,0.09214969195614045,0.1334720114812357
ACUTAAS.NS,-0.006889675177365877,0.07254012255382844,1.0,0.25766058157184485,0.18950604358424109,0.19706938758855447,0.16462174076330102,0.19219041297597939,0.16736107120330104,-0.01904009187192492,0.0970983752619405,0.019782912843676097,0.1029872903303713,0.06576163040385327,0.09427836612089005,0.14926146358193554,0.09297194432609657,0.11238272484591409,0.22403685385715075,0.004479138493982127,0.13265589766257183,0.03382564123738536,0.04882990202054227,0.1611839796256988,0.12469937042475991,0.23339137299051696,0.24782458113451333,0.07856361504757353,0.07259928680545749,0.251514389512698,0.22857698549696087,0.060323180138817205,0.07254580528632223,0.028075029694043945,0.060422519013272745,0.16152409513271346,-0.018661543131669296,0.048701004473996556,0.21819553133293934,0.19426026760503834,0.07768961669442392,0.14933152204660888,0.15041456772576214,0.048759069209890885,-0.053269552016733876,0.20104149903435908,0.2018612484511545,0.07612128881863317,0.10615930250393289,0.13736876603577058,0.24650865545411615,0.0709659101028188,0.08444088218975944,-0.0268599168772319,0.06740798280531556,0.09399127888715803,0.24366858784924292,0.1590531486194614,0.11980020937480561,0.14300984229663397,0.05245954688766206,0.0525658092252705,0.15766606967538463,0.2540514705215657,-0.01780780245144702,0.08512240408461785,0.10613996650810219,0.09745845716113423,0.13438715019432054,-0.002906088132708368,0.19998383010755905,0.2413068176970193,-0.009707309743574569,0.08163477608655512,0.16100324130375757,0.15846890662322755,0.1639038421702337,0.09910489541027219,0.12839010194151812,0.1929595605795621,0.0375268317842876,0.16068577884267454,0.03206522509974548,0.11893865475674352,0.2015621276203294,0.11217277583143084,0.15103170427529525,0.02223415691981892,0.16631790728458126,0.07096623147988451,0.12378284399367051,0.05527404329518599,0.10771687221220601,0.10579523428984022,0.1737939185431511,0.044549265525672066,0.19892927786013775,0.09852411637508679,0.05828159119438047,0.09060827363974024,0.16827510425660094,0.10049265998062243,0.1746939000375097,0.1403338147866136,0.10530492483461604,0.036175550327267464,0.07372567678305719,0.18122004664217647,0.05807005644034911,0.09196652723790713,0.2491714058845047,0.12484716614830607,0.10570036630427697,0.07553115010324497,0.08473550530640121,0.2172351433485745,0.16969983317823967,0.14051962975372803,0.2451431500356998,0.1271124126543181,0.09596999203354631,0.08843353633892678,0.11581019418048646,0.19747659303050757,0.12106038417066217,0.0663560282421631,0.17687151530672998,0.2124884249071833,0.07423870305971815,0.24220324396247558,0.09423522819129979,0.21660095014873396,0.18106767714405606,0.0838815754689729,-0.008343853403856493,0.1524043557525631,0.012453460687431995,0.12326492380244372,-0.02773817689690543,0.08121050348877058,0.16350715622136314,0.005607108740253675,0.13609271441550758,0.1265405888466466,0.147891622022583,0.061653593915852435,0.11815018784027852,0.2210933383961018,0.032388614556454476,0.09567309853717554
ADANIENSOL.NS,0.12672993282947953,0.20587406858658164,0.25766058157184485,1.0,0.7018847981060329,0.8258324052798577,0.58088516194348,0.3042443634905297,0.3110524456174905,0.2855527884600978,0.18163922410361738,0.016975502766187624,0.319120645899624,0.16919152439647836,0.24117315424837735,0.34640314926609683,0.2248204282087597,0.5215796187708996,0.31281161916599937,0.09441179583227667,0.22198574883364672,0.24438992532948672,0.17085876589695465,0.3530828188814468,0.2915439253116279,0.25677086114482556,0.25747753913991805,0.12268954974934201,0.21842614595632104,0.326519142769499,0.18999377859564906,0.12781251972827162,0.23746267036529348,0.1146702353905031,0.1383654192432249,0.40872044130890506,0.04010592561103193,0.24777813954444144,0.22766714250252396,0.20836364222701953,0.2892177982025427,0.28094899191862993,0.3116303068538838,0.15601351079245088,0.1505621227355587,0.4512201511717299,0.18693108913843734,0.41122091542885586,0.3558264304646449,0.14775783831120054,0.3324481547665553,0.3468431950995511,0.3008345230597004,0.3141530120379781,0.12064947616555814,0.1722151055254063,0.4011977381796628,0.37801668222448115,0.21908777900324805,0.14782938757503597,0.21731192848772546,0.0815700524734725,0.2558025730805271,0.3468638329988212,0.18574292849001448,0.3476521558845076,0.24617127876874895,0.2341738672311499,0.34159686468930867,0.10215475135701463,0.225075606492061,0.3561937705699997,0.09197318380121221,0.1482761231642394,0.45673992991051954,0.36774482113059526,0.21427485621932046,0.19629838064939667,0.30442788760841766,0.2976558603543346,0.09249035994499899,0.1321474559453858,0.23066807626739225,0.05555627783269569,0.3385365830211816,0.2516052360625859,0.30982217519381416,0.24218188596071658,0.23024870348613352,0.09840020740070804,0.2875627342462239,0.20596827035162293,0.2293000978395845,0.17689100215618248,0.25390130703069724,0.2568559478190656,0.33323329647724664,0.40965558871212465,0.30632055643883455,0.32536545011598833,0.29185021022810675,0.30268520485495676,0.31411683579949756,0.23251794774068626,0.2554867173102579,0.20937719212763928,0.21730026663735585,0.28355163166452513,0.29337513109251867,0.04335429235855223,0.2122062334712461,0.2229112600335324,0.35601605387991575,0.029798677892432616,0.26523868726926303,0.15543807029447881,0.2821565603001735,0.2597578628240384,0.4867441422812099,0.2033481079050054,0.27958959687176793,0.3065438259153562,0.28468229761294517,0.21425779017734903,0.3745086651699521,0.28902732883340715,0.31442829619428714,0.31270144203162986,0.051580349997492884,0.19753381053565439,0.2999197396684817,0.3223779794015745,0.3486523344309879,0.2857649478098175,0.31284252285489694,0.11158645738706617,0.15937747826258417,0.28502651256939454,0.10516573685162822,0.15802637516517384,0.2908059685695509,0.13271452929293528,0.20251390403300648,0.32114227115892785,0.26652203442000577,0.23217020225018453,0.12145441062099739,0.2592380573818035,0.048006531282932384,0.14968815518485673
ADANIENT.NS,0.0672716187838597,0.21821957587722382,0.18950604358424109,0.7018847981060329,1.0,0.8020270821047282,0.5582115091961425,0.31779258498410085,0.23873097978968458,0.22048396474661958,0.17396911170590443,0.049432057272792804,0.29299582571054056,0.11914230229538926,0.30891179586245304,0.36005945583178295,0.2481068190006555,0.43870469280978874,0.3123949275492795,0.08631269780094109,0.17658850186289346,0.3723608040936299,0.2811626996826743,0.3582087832651188,0.24302849117570618,0.22296451098618414,0.3318642527976743,0.21929770575074245,0.22552068106135892,0.39640094736385506,0.23475934495837347,0.12223512437755456,0.2411872351569178,0.23287147604539493,0.16590603740822266,0.3945364481363785,0.07047168931520804,0.37446112582960006,0.2285382280339798,0.2456673480961263,0.2823922820930961,0.2917984736884924,0.3065769827701905,0.20181141857619686,0.11402213412840868,0.4741074793946799,0.22072113422225528,0.2893364418257108,0.3797214792194851,0.18855061547090599,0.39839012301461474,0.4156689703760669,0.3326025099494339,0.2930893546778169,0.1805925031819184,0.27250625505823545,0.3814429898025867,0.30532661663512306,0.2339043239060575,0.15286777740362692,0.21068996545694452,0.12415957807014529,0.25353411273354187,0.39593679432519935,0.30555897640177004,0.33343222510439724,0.2776087246208215,0.3408659880110416,0.3895086098088892,0.10877289171892054,0.32932336519653255,0.40232291948152504,-0.0213125854744204,0.09325476460438056,0.4541864873249162,0.3851625907737167,0.1970192693773964,0.32703719155623034,0.3379506609077543,0.2446831777357404,0.14490855102268008,0.18459065439184194,0.2297749327058435,-0.0058051391228156396,0.34433458304596937,0.25369463352894983,0.3281141192678132,0.2646470972704362,0.2315777145231632,0.08486664018445977,0.3529432966589374,0.2062802412305053,0.19508511912915288,0.16899240872981186,0.18903623244760684,0.2929775647088586,0.29510273809209164,0.44062849082431965,0.3729253690630982,0.37164961054083484,0.32319766838928016,0.2721644365109513,0.32662625739581724,0.274683067308885,0.27865413823048313,0.12511194672893594,0.1918139673541421,0.33522362945769774,0.3756601765457093,0.09725821724047239,0.20005963562964765,0.21552913307967822,0.36568793822150736,0.062445011439466076,0.2962787527544592,0.17670380684239717,0.21609827733786732,0.232391040467079,0.4914899481643355,0.1891862326043755,0.30199750687126276,0.42433948851684783,0.25151651793388796,0.1512100376174462,0.4108635610249252,0.2691062531022534,0.3321741058388882,0.3399995369411545,0.09498696685777883,0.26853649176385125,0.26546484218574395,0.34057501148101665,0.3757112240006356,0.2803282180075191,0.30941536194598246,0.13828479354740128,0.221282009713626,0.29745111496052246,0.09758871676349384,0.18694387383724778,0.36091586192859154,0.15143506194145792,0.2016067577572721,0.3470978646872474,0.23526175894985615,0.30508256064768885,0.11823725456624441,0.23395714313679966,0.059851193143191976,0.16428503046486037
ADANIGREEN.NS,0.07070579964266775,0.27705920629738057,0.19706938758855447,0.8258324052798577,0.8020270821047282,1.0,0.6164146583930428,0.3236487422841299,0.23265740751514127,0.2559010604002922,0.19715009398960626,0.007963708111492634,0.3204522070667496,0.15028360335535043,0.26942951585101177,0.3435792444926293,0.18596099146621597,0.5356595884143918,0.3299461531956945,0.0742523309821797,0.2216345796232116,0.28824542839601225,0.24745526384468713,0.3451921446094074,0.2739128618419366,0.19846577409119318,0.290176762164077,0.17066933749640925,0.21368752605243793,0.3568100218519599,0.20696622518144547,0.11576772533775093,0.23578704067949458,0.15916192403532894,0.1540436009460794,0.39749596614749905,0.08800006434089257,0.30698416420124763,0.2519619335002504,0.19582805815033336,0.2836445988477674,0.31015320632323934,0.2762397145660491,0.16719186088576118,0.17758908019720637,0.46824852843317916,0.21514710218454836,0.29908387161974215,0.34754350595592703,0.18547992594555116,0.3515346493064797,0.39730744684037145,0.28510680923383136,0.320080385573957,0.12505759826828083,0.22928491639435716,0.39536422091859225,0.3076828508433904,0.23088250795796267,0.15607281510415763,0.21654035915119468,0.12952267425522498,0.30399713177401727,0.34658175151443255,0.2532029687489121,0.32354201406480676,0.29170203803738354,0.27339665276716,0.39785446624840065,0.13727524521385712,0.28861702305933434,0.36467010605210826,0.013544826676174753,0.12641279323623666,0.4650929884698909,0.340378199469831,0.28501898891037286,0.2716063682110673,0.37054754456651984,0.22945995101370426,0.0949337924805546,0.18669642075363288,0.2573590334249518,0.08557128503975382,0.37036784360421515,0.25360546170360504,0.26440307799146284,0.25207153868796595,0.2841280464340537,0.07210389948073817,0.33707694375381264,0.2302729242784909,0.20907114353995546,0.18699509279805016,0.23820956089264803,0.3489229275987533,0.2954301340480178,0.4215662866401377,0.3749455787197635,0.3243942498398721,0.2716443725264125,0.28520331576538593,0.3018156137379474,0.1755221854213071,0.25307935415938465,0.15947683599143275,0.15681223805595854,0.30154362154811665,0.31609192607058895,0.10771666815367817,0.19500706446488444,0.21322653844378758,0.32809430576968873,0.08770099420465394,0.2919459273528735,0.19637526267179958,0.32100047835735424,0.2329746943351512,0.47992212950598157,0.1958593000026172,0.2620212306047957,0.2904509701018721,0.29131812916460337,0.17485114076387515,0.3954769189596519,0.26677342980456376,0.3572212473289217,0.2997131434126883,0.09453501117306687,0.2458050919234382,0.2977046803236614,0.3702079264739578,0.34073676786558393,0.24083760425625814,0.3007744478010319,0.13383020051365815,0.1851883690583234,0.29593631358522615,0.11266177194910429,0.16671491749251882,0.28683137602064995,0.21408878217631308,0.2046695021473984,0.36577853677441996,0.24705988862353756,0.2835365699743411,0.15473117990543458,0.2371916218766679,0.10185234342357719,0.17174151417449848
ADANIPOWER.NS,0.10741510012118066,0.24452108061571143,0.16462174076330102,0.58088516194348,0.5582115091961425,0.6164146583930428,1.0,0.17966960887659203,0.16039556987629422,0.13813755298664301,0.09974308485960358,0.039604020317622536,0.20736784168572325,0.08298112748606695,0.0987955164838147,0.2896858856235784,0.20740868322444442,0.5856937967020597,0.21050809867945988,0.04832101936389782,0.11890764982493726,0.2164062942848099,0.16748739841631707,0.25021303830870134,0.16182943478042397,0.13274939097371233,0.19069350030826812,0.10681519252180206,0.1742489541095247,0.29220439706408724,0.2141578464135155,0.14866765110247968,0.11673919343779492,0.04181304842616938,0.18099496781043317,0.23102157967423903,0.000548835473727701,0.14205636319272452,0.19425130878530353,0.1435013927113274,0.31271986963204723,0.21064864087647434,0.14406258519407936,0.09935311266200053,0.17349919211742526,0.34529914174391996,0.12676010574414262,0.23230303496385238,0.2893835482555554,0.1259894345192517,0.22702152136506284,0.2622961348112388,0.1647140710228496,0.1493444962655469,0.06673017930859712,0.1349636112182146,0.2683912582748958,0.2677362985030928,0.10955780646616677,0.20457010339386697,0.18274890081458914,0.06447238843941464,0.16334281470723352,0.2250771387263048,0.13925223317614865,0.2124022642757946,0.16594982470437683,0.20265404559206965,0.28159657696475215,0.05776665728626919,0.13832512217373263,0.2893643718032773,0.0063450661069146454,0.02041716616496294,0.3558183302925139,0.20192993071032542,0.14079211400136402,0.12404509883151323,0.16038863533319375,0.07880689734842575,-0.012741980248906283,0.2609917254980209,0.17463694947148317,0.042055918186733314,0.20307508828008233,0.13190523429672849,0.1812525106539968,0.12419170184530108,0.15263064375633792,0.03380786826524736,0.2313487678729147,0.11639355235191814,0.0890116739476499,0.11023015910446003,0.13541898526989687,0.1977934589806976,0.14466458685355485,0.16380350502860067,0.2128264466652271,0.1840697421231334,0.1254847120454471,0.29954436554266395,0.13831513728633932,0.14196149183301068,0.19360984112775673,0.08296121644290838,0.08057207042730885,0.1715128945038483,0.24173619098993954,0.05410872376081043,0.15035736688034188,0.1316622965471019,0.17125185942509533,0.07871094168973791,0.1922719968936224,0.07508224421185401,0.21687725276108774,0.16687094272942657,0.35017793922730756,0.09617840897262805,0.15733194081744328,0.2233568399179585,0.14437828574088304,0.13832022304552188,0.22168288350870696,0.23552166470487823,0.22444282124364026,0.1717768565735252,0.019625541200597077,0.14931661100530952,0.2590665265391666,0.20060118421787818,0.1740668076937748,0.19749369999898597,0.16656509143954668,0.0639012392409987,0.13363781046511838,0.1677154749299081,0.14804705604866986,0.08930211178011364,0.2967482350100377,0.08275755071174305,0.17785989054655,0.35798172600525036,0.15047758056824198,0.22790404937811393,0.051094249014979685,0.08732217310716077,0.026445139510269944,0.059293893594077565
AEROFLEX.NS,0.0915352762306932,0.15206470287660323,0.19219041297597939,0.3042443634905297,0.31779258498410085,0.3236487422841299,0.17966960887659203,1.0,0.2521893835920912,0.06909579629667156,0.15411086130590484,0.026578037652328017,0.3196543928393154,0.18566635171903878,0.3250723911752954,0.27285592432801076,0.2330626687406201,0.2000120210795635,0.38331526206468336,0.0437503089106304,0.23774172371735164,0.20350472384524107,0.14625334432523843,0.18625993056309065,0.24686354745574068,0.20047675586899394,0.20353974044253573,0.11870071048698737,0.16262863705140704,0.2180288760240422,0.1663553500408978,0.2013810984982696,0.1759397575736716,0.19672622640961734,0.07436081713271626,0.3612573014382745,0.016521811860325974,0.3140069767196555,0.1760417554587809,0.16921755952955575,0.27655560629384496,0.2947913451069301,0.3746789518247091,0.268674811206663,0.04113919498619306,0.357391153201399,0.19680954367153392,0.30107928136160633,0.309574713763833,0.13481058577435873,0.23927277220762053,0.2873160710548511,0.21755252269961659,0.287675248554654,0.11459695031456163,0.09415150556684493,0.31002393354620383,0.21794477220501993,0.1625353061947777,0.11963993558396478,0.1159740947485071,0.10794295332272373,0.11838717368974454,0.2135809546428417,0.13631015618487513,0.29700795948810244,0.18964558370547407,0.1890903952225232,0.31228920324340514,0.04387522144615444,0.2244650153832802,0.2456497308927934,0.01322033432440629,0.15766956695424084,0.2602660270978223,0.2578652392921057,0.1433909281537309,0.06499669414691693,0.2896587347782332,0.2399103478530654,0.06514424191703895,0.23035711779925225,0.2808754040227503,0.160311125442519,0.2659768898664749,0.18321358881281138,0.27150214092395736,0.13533189734276108,0.27753690725232216,0.18464908775635538,0.2915591952278675,0.17515696343088624,0.16831584791062898,0.15879701936232551,0.1835327430446445,0.18288169688229672,0.2912194930639871,0.18954371874839798,0.23582613267902175,0.2837892797764005,0.2238279872587287,0.21143592080373608,0.34245278579936284,0.14998819878289282,0.200630387530789,0.16279219400011508,0.05810129940572746,0.32582157195087463,0.2800402245733533,0.17900153021015822,0.12156915147525092,0.07635918290846702,0.25510088322985935,0.05402944651507032,0.3221235813207558,0.08531422494811361,0.19516110718622062,0.15795981659557323,0.2834757674756233,0.2552821693312992,0.2514844277436422,0.2666919184786823,0.20116330639148353,0.06466903599155692,0.32377384433197387,0.11971112056060776,0.1742434755744071,0.21631633590892935,0.26638993563149815,0.2416462890572924,0.2922137145854405,0.2874144159406523,0.27765505136442475,0.13176850934987902,0.16413686768610128,0.2015173720989409,0.1849008193150094,0.24980287873512363,0.046452660278521095,0.15224095375117855,0.07573866000742202,0.052017328975255274,0.256700351459146,0.09626584125509396,0.20058052933157838,0.13992842737817632,0.13094765935407818,0.2869225764244815,0.02909145173272631,0.15652012205850283
AIAENG.NS,0.05215819728002968,0.1820448673483699,0.16736107120330104,0.3110524456174905,0.23873097978968458,0.23265740751514127,0.16039556987629422,0.2521893835920912,1.0,0.28332850078015104,0.12200454090372442,0.0967327212890472,0.29418656860744363,0.2438204321765905,0.16538503197855528,0.2526643492914509,0.2648221499612068,0.18665202641754935,0.18385307109754134,0.02265367969367761,0.127506145094215,0.1546843399461353,0.1408239824203257,0.16569757585002332,0.23360541308456387,0.35893439593787896,0.2178682482132544,0.14880648719993086,0.21804328994850816,0.2733913186595854,0.12997274165067432,0.10837494428050372,0.25377633983143166,0.13019001720140325,0.03491655908975638,0.2440182458746059,0.005210138270884716,0.2990885018066065,0.1397272320144045,0.10643956120257454,0.20948473906275,0.18525018546125047,0.11630732928004321,0.1455879870902356,0.1307320877927669,0.27304836569234886,0.21889374541542067,0.2593965011136144,0.2628002980384366,0.08934185705051924,0.3516131340649977,0.29271112862691534,0.10176560632119538,0.2007008922757671,0.0758145169555396,0.0888736196631452,0.2272357198400092,0.2162300297909311,0.23979013284783726,0.1262798953113251,0.12678250564131616,0.04089792983953951,0.14879830587007656,0.1304354553588863,0.051137088841043905,0.21431858850039234,0.23040963072169218,0.2364914803388955,0.17731960816485529,0.10772952016468924,0.19228556707632324,0.1648946060539827,0.1120169288445408,0.03697492757077945,0.2903481599822183,0.24031947579833393,0.15558082646723106,0.13902750231117803,0.22547784645808547,0.14845176938087074,0.07698638029483448,0.15930871151157558,0.23366046644537825,0.15397957190749645,0.18545223139438596,0.28108011288360113,0.2417575047647116,0.21085671973911604,0.17463873165927551,-0.035069078654384044,0.17330138814126006,0.1551649586305784,0.14912244826594448,0.24888581647164365,0.2089436301659168,0.16130973191788225,0.1884847991863022,0.20768319180270237,0.2618505040201343,0.20067232375965444,0.2586043985724368,0.22280432283991927,0.2618517227671149,0.10225161966278738,0.06788359043022121,0.12789468951893673,0.14086826391638768,0.21265532464282189,0.12885448326099663,0.19169144249936215,0.2031026832127205,0.09653143890770569,0.22034444847822607,0.10499874791327958,0.12295390248624405,0.15741614863921302,0.11958648791313653,0.1871253815228414,0.31866456311625835,0.1478461857055748,0.18569463786485055,0.24556777184167308,0.17675193206034892,0.1997740816350628,0.26144384188449044,0.1401207043776194,0.27458359728103315,0.16178945601638783,0.1646623972477237,0.23252559082906932,0.20119896206700832,0.23779983716826225,0.20966430526294097,0.13248950297610235,0.30291893713083407,0.30693108860972673,-0.008362667789456876,0.2799667626716544,0.06837158368660144,0.08026912863606257,0.29209129052065613,0.11879840411998649,0.19277275802865496,0.15139847896400283,0.1824495629842897,0.00927943571672813,0.18699159566802614,0.13943329799643986,0.07562961110430826,0.1503923426069341
ALKALI.NS,0.06017210834096013,0.012204694898714973,-0.01904009187192492,0.2855527884600978,0.22048396474661958,0.2559010604002922,0.13813755298664301,0.06909579629667156,0.28332850078015104,1.0,0.13242779726574955,0.08796380230207622,0.14265574996056482,0.08066573462201383,0.11826726727435646,0.10814053862592961,0.2569021060600168,0.2287441884586878,0.07478682676312517,0.12294462509075858,0.12617884252597156,0.18364260751825306,0.20209497659743098,0.13607533514358014,0.23627398608672648,0.1363760952833357,0.12574253587204787,0.07427443091020577,0.16931109683101137,0.2292475521498387,0.1055142896171136,0.10697629662456404,0.274137447451958,0.09437521817993334,0.12050265593528443,0.19866880128023898,0.24116103466994407,0.20512522780979484,0.16422349388829696,0.1771573685673794,0.16282438459197282,0.18958884166952875,0.055265833208900064,0.12222926843315991,0.06808150850034356,0.25308159757338944,0.09332122607960525,0.21191002418281707,0.23522122957466246,0.23936102932488693,0.24438726480801926,0.11012982635710254,0.23863790538737767,0.40465606042331026,0.07906941216678416,0.11339083407035272,0.2571233301947173,0.30986715865889614,0.3590392668515011,0.032545609034646455,0.10879121761112892,0.07483762556131554,0.1483859250929951,0.1546057110051915,0.2775460759687695,0.14212386187998804,0.21040500412889124,0.15848408520010276,0.23984492886678938,0.15780102463112278,0.1418321188741429,0.22623554003459206,0.09449901406710254,0.08242638055464183,0.20035142418743457,0.16756090135689997,0.18093629767472108,0.09999947661759705,0.1840623543361904,0.20259147349286838,0.12551152457438547,0.037455046278689376,0.20269742912725458,0.14558645026104358,0.06240839579036161,0.2821666255838072,0.3439837650085532,0.1953739417510202,0.18957558613862596,0.04466626888888427,0.1870370266027213,0.25342357980794256,0.12789434742399083,0.2520814573295537,0.1319608692636513,0.06557546036003255,0.15714385631338598,0.1863854701174805,0.23561005788991332,0.1506157547366435,0.2011850857226133,0.1322398181498015,0.2456077368207725,0.15644713723268916,0.03838203409460188,0.12266661393442217,0.061004359247409434,0.2070299066834677,0.11756569107243221,0.08298185756256489,0.18590489326743026,0.1883739481587486,0.23893786393322533,0.05911668812018298,0.11692209717289112,0.0641848184503448,0.2352622571298656,0.16230340732676427,0.23203571028985606,0.13580765958410534,0.1963236154276397,0.19513670682911627,0.23602592775196557,0.1423521272390712,0.21832451874234504,0.21000824154669648,0.36841315399342434,0.1777347228106756,0.1862302973377509,0.16913076968799973,0.09427196210429191,0.18774906190425925,0.26277910289233103,0.18158939526831447,0.3107253088151918,0.08384566792174937,0.08150606058474684,0.1865696208842124,-0.00019246850296852187,0.18900088831869669,0.2936690291955299,0.20234627283052087,0.16410639808919117,0.3463902724022055,0.1981019720235557,0.10537331628626792,0.0973344362467914,0.17257418358020513,0.1889853219667,0.16905244365679015
ANLON.NS,-0.003969000869522678,0.05938359112522576,0.0970983752619405,0.18163922410361738,0.17396911170590443,0.19715009398960626,0.09974308485960358,0.15411086130590484,0.12200454090372442,0.13242779726574955,1.0,0.225127262479823,0.08700527810599568,0.12617430723940828,0.1311349639519359,0.04142245445954421,0.020682490383737196,0.10817851569464317,0.1347503839150502,0.06390474345298698,0.06213238689795614,0.21759168455965955,0.19394967424746828,0.03579907382127378,0.13547461547628847,0.1649358269061616,0.06383816537190795,0.10259156309909898,0.13372767556116866,0.2086512538159759,0.02679454392305764,0.07437982892754626,0.0925478091669539,0.04896492375390295,0.06988714707571621,0.23105650216586746,0.05978296885280608,0.13322882801005173,0.1226044282826231,0.05514113233112317,0.267242469301891,0.23867880547496248,0.1915194875229876,0.08240518963740681,0.030645144611104735,0.3087361585498063,0.021885591203372513,0.1463418815556595,0.1393848996701588,0.060763822730837025,0.10226761757860632,0.1643590910474505,0.11868155880272355,0.11909357040256151,0.06638844665971073,0.16849452877001958,0.2233126598951908,0.15647881886181245,0.06253594916066373,0.13715488929276176,0.27868539244017726,0.1580849760249151,0.13313047616478868,0.20116853436152948,0.04351625645457838,0.07079255118887506,0.13840931256495345,0.08288510349341471,0.2623331935253385,0.12808551292367287,0.17890359956820515,0.11156394647443627,0.03587906157321108,-0.02181926654664118,0.13469598483277584,0.18138823930431394,0.0723304068701096,0.016551051632571572,0.09635833691979344,0.12611177914455826,0.17660804676527966,0.09542194741846334,0.053629049592313335,0.032098531911665444,0.17544365711844334,0.1563446927117744,0.11748224149645614,0.17104834869819935,0.2571268267701138,0.01834942348762846,0.11993095752567906,0.16165724614210847,0.14839417009861122,0.03886527276697388,0.025315518958217743,0.12411780325232212,0.11735540858240222,0.0954494471606117,0.131594222781487,0.19741589818832764,0.12161674456956538,0.10090679983207919,0.09518863533092692,0.057338076997828974,0.103890668163052,0.03186000800564565,0.0639549718176442,0.1704027338059623,0.1690049394718796,0.03897379265452203,0.10936744879051882,0.16789582165484737,0.22259270483572335,0.13152858038986284,0.09261920668609669,0.08271879052247458,0.24435659678484867,0.18529099370112198,0.14091642237627017,0.043650944018212186,0.18586733842979844,0.10734191599238832,0.1364186873186726,0.0982825210565832,0.23851526059140257,0.02181412571994689,0.1032855580938454,0.18608126040524817,0.022638798887205637,0.06999549918266314,0.1684888305093907,0.19261137844410384,0.1938359407178778,0.10730611818574645,0.08742116681042437,0.044562351599175355,0.13591956550701154,0.030395887766945004,0.05918577528740208,0.11107244347139528,0.19791135430520626,0.297620990893239,0.007460151567851631,0.1335763455711671,0.14876363586315694,0.0954692838222113,0.0855623444865827,0.1373118784064198,0.16650860841656148,0.05832604395548169
ANTELOPUS.NS,-0.14274076644330047,0.020036572529990658,0.019782912843676097,0.016975502766187624,0.049432057272792804,0.007963708111492634,0.039604020317622536,0.026578037652328017,0.0967327212890472,0.08796380230207622,0.225127262479823,1.0,0.026084460172477668,0.0439586529774853,0.06752322047371614,0.021232145017370144,0.04735123181100446,-0.013090343638310629,-0.0029229905396935462,-0.037004597922383045,0.01696872711423575,0.047557985101528574,0.16725683482354547,-0.016318371182736338,0.05502088053323301,0.12719536653151828,0.03789702447683341,0.023273364932180816,0.0884816343274478,0.12028659295562301,0.021144969283441655,0.1061328718631215,0.07576511800765096,0.055640870592166006,-0.01859742486049961,0.036870446005195484,0.0033976957707259063,0.0019571463850334868,0.17962773373073831,-0.017448252008395282,0.04926506839727973,0.04541428022557025,0.06051619572335987,0.09266644556769303,0.051921600125802644,0.15133083673493855,-0.017923365050286674,0.05367589621600978,0.12162875955996483,0.056291524651941836,0.10253696299022781,0.05908079466797573,-0.08828753859985491,0.023425984943481873,-0.03505171350385567,0.07164981010555115,0.09135820367444257,-0.0634488925509468,0.0013332377124281956,-0.034024765794423165,0.05295755748167939,0.010365445259578132,0.0005779077462802261,0.06391373072147748,0.05597369831113112,-0.08187358694987182,0.20651072635047213,0.059694131893709895,0.07109502193073892,-0.019901114874969004,0.02336312891444235,0.072005604470397,0.02269755889765837,0.04628450037480291,0.12013704934486798,0.08834216145047916,0.014642968445053075,-0.10463985086178734,0.043613507441608454,-0.07354954890539646,0.029397140126459633,-0.02986641668215815,-0.018297686863814108,0.07410008091697685,0.06617482169801145,0.010637620347705292,0.13196173725056745,0.12294499215124233,0.04402205823160739,-0.030997182323742396,0.0313242776549715,-0.06711815948752368,0.024189753860259323,0.020297664582902625,-0.1385680258192322,0.10210999527409743,0.10693256125126993,0.06503809102107502,-0.03206942186147139,0.05055048663417725,0.05792063424734244,0.10995281977984811,-0.06614362974541894,0.18288689460921603,0.00419275903742101,0.05201485574462419,0.16844021159688552,0.07576965638513194,0.0008259766929187443,0.02002415348850499,0.035253162838913506,0.06883256721143123,-0.01706685317448333,0.09853869694036976,-0.0033976390230747886,0.011817904117279168,0.1302913398235834,-0.024624209288034264,0.07959932021467503,0.04018512748137134,0.027683454670160004,0.11255920099845891,-0.05838345490199994,0.08447805251197059,0.12531712521676006,0.02035009648977363,-0.0006356692696571071,0.00406451168230246,0.014441736384990331,-0.041633087661021,0.006602732212117833,-0.07397664279043836,0.04200568553766595,0.059082277279282065,0.04023415613997178,-0.044719576202061885,0.045081562131836006,-0.029159559954113838,0.06824914870586866,-0.08281434128308511,0.002741616257582876,0.08975102622367055,0.10590662109332051,-0.10257533588693354,0.13144899204202473,0.06558955356809691,0.052221625590545884,-0.02214477044054885,-0.0725575713217827,0.09039073458109197
